             rrrrr
             r5r
             rrrrr
             4
            333
            222
        66666666666
       77777777777
      556666666677
      5566www6667777
    5666757w7w66677
   56666757w7w666777
  56666775w7ww6777
 566667777www77777
56666666777777666
       777777777711111111111
1111111      3 331222222222
 2222221     3 33122222222
  22222211111111111222222
  22222222222222222222222
  22222222323232322222222
   333333333333333333333
    3333333333333333333
    4444444444444444444
     44444444444444444
      444444444444444